81.6821 16.125
82.8086 16.1303
79.3263 18.8857
82.7231 16.0402
81.8371 16.8485
80.9694 18.5308
81.4462 16.8489
81.9094 16.9479
72.8168 34.6441
80.4434 18.4696
81.6821 16.125
82.8086 16.1303
79.3263 18.8857
82.7231 16.0402
81.8371 16.8485
80.9694 18.5308
81.4462 16.8489
81.9094 16.9479
72.8168 34.6441
80.4434 18.4696
81.6821 16.125
82.8086 16.1303
79.3263 18.8857
82.7231 16.0402
81.8371 16.8485
80.9694 18.5308
81.4462 16.8489
81.9094 16.9479
72.8168 34.6441
80.4434 18.4696
81.6821 16.125
82.8086 16.1303
79.3263 18.8857
82.7231 16.0402
81.8371 16.8485
80.9694 18.5308
81.4462 16.8489
81.9094 16.9479
72.8168 34.6441
80.4434 18.4696
81.6821 16.125
79.8005 18.8857
60.8686 60.862
58.3949 64.801
81.0163 18.5308
73.7363 29.5366
82.5392 15.6924
80.4434 18.4696
82.2178 16.3376
80.0479 20.1629
81.6821 16.125
79.8005 18.8857
60.8686 60.862
58.3949 64.801
81.0163 18.5308
73.7363 29.5366
82.5392 15.6924
80.4434 18.4696
82.2178 16.3376
80.0479 20.1629
81.6821 16.125
79.8005 18.8857
60.8686 60.862
58.3949 64.801
81.0163 18.5308
73.7363 29.5366
82.5392 15.6924
80.4434 18.4696
82.2178 16.3376
80.0479 20.1629
81.6821 16.125
79.8005 18.8857
60.8686 60.862
58.3949 64.801
81.0163 18.5308
73.7363 29.5366
82.5392 15.6924
80.4434 18.4696
82.2178 16.3376
80.0479 20.1629
81.6821 16.125
79.3228 18.8857
61.7933 60.862
81.6813 16.8485
81.1361 17.9458
81.483 16.8489
81.748 16.3562
73.9002 34.6441
62.767 53.2899
66.7421 45.7955
81.6821 16.125
79.3228 18.8857
61.7933 60.862
81.6813 16.8485
81.1361 17.9458
81.483 16.8489
81.748 16.3562
73.9002 34.6441
62.767 53.2899
66.7421 45.7955
81.6821 16.125
79.3228 18.8857
61.7933 60.862
81.6813 16.8485
81.1361 17.9458
81.483 16.8489
81.748 16.3562
73.9002 34.6441
62.767 53.2899
66.7421 45.7955
81.6821 16.125
79.3228 18.8857
61.7933 60.862
81.6813 16.8485
81.1361 17.9458
81.483 16.8489
81.748 16.3562
73.9002 34.6441
62.767 53.2899
66.7421 45.7955
81.6821 16.125
79.3228 18.8857
61.7933 60.862
81.6813 16.8485
81.1361 17.9458
81.483 16.8489
81.748 16.3562
73.9002 34.6441
62.767 53.2899
66.7421 45.7955
81.6821 16.125
79.3228 18.8857
61.7933 60.862
81.6813 16.8485
81.1361 17.9458
81.483 16.8489
81.748 16.3562
73.9002 34.6441
62.767 53.2899
66.7421 45.7955
81.6821 16.125
79.3228 18.8857
61.7933 60.862
81.6813 16.8485
81.1361 17.9458
81.483 16.8489
81.748 16.3562
73.9002 34.6441
62.767 53.2899
66.7421 45.7955
81.6821 16.125
79.3228 18.8857
61.7933 60.862
81.6813 16.8485
81.1361 17.9458
81.483 16.8489
81.748 16.3562
73.9002 34.6441
62.767 53.2899
66.7421 45.7955
81.6821 16.125
79.3228 18.8857
61.7933 60.862
81.6813 16.8485
81.1361 17.9458
81.483 16.8489
81.748 16.3562
73.9002 34.6441
62.767 53.2899
66.7421 45.7955
81.6821 16.125
79.3228 18.8857
61.7933 60.862
81.6813 16.8485
81.1361 17.9458
81.483 16.8489
81.748 16.3562
73.9002 34.6441
62.767 53.2899
66.7421 45.7955
81.6821 16.125
79.3228 18.8857
61.7933 60.862
81.6813 16.8485
81.1361 17.9458
81.483 16.8489
81.748 16.3562
73.9002 34.6441
62.767 53.2899
66.7421 45.7955
81.6821 16.125
79.3228 18.8857
61.7933 60.862
81.6813 16.8485
81.1361 17.9458
81.483 16.8489
81.748 16.3562
73.9002 34.6441
62.767 53.2899
66.7421 45.7955
81.6821 16.125
79.3228 18.8857
61.7933 60.862
81.6813 16.8485
81.1361 17.9458
81.483 16.8489
81.748 16.3562
73.9002 34.6441
62.767 53.2899
66.7421 45.7955
81.6821 16.125
79.3228 18.8857
61.7933 60.862
81.6813 16.8485
81.1361 17.9458
81.483 16.8489
81.748 16.3562
73.9002 34.6441
62.767 53.2899
66.7421 45.7955
81.6821 16.125
79.3228 18.8857
61.7933 60.862
81.6813 16.8485
81.1361 17.9458
81.483 16.8489
81.748 16.3562
73.9002 34.6441
62.767 53.2899
66.7421 45.7955
81.6821 16.125
79.3228 18.8857
61.7933 60.862
81.6813 16.8485
81.1361 17.9458
81.483 16.8489
81.748 16.3562
73.9002 34.6441
62.767 53.2899
66.7421 45.7955
81.6821 16.125
79.3228 18.8857
61.7933 60.862
81.6813 16.8485
81.1361 17.9458
81.483 16.8489
81.748 16.3562
73.9002 34.6441
62.767 53.2899
66.7421 45.7955
81.6821 16.125
79.3228 18.8857
61.7933 60.862
81.6813 16.8485
81.1361 17.9458
81.483 16.8489
81.748 16.3562
73.9002 34.6441
62.767 53.2899
66.7421 45.7955
81.6821 16.125
79.3228 18.8857
61.7933 60.862
81.6813 16.8485
81.1361 17.9458
81.483 16.8489
81.748 16.3562
73.9002 34.6441
62.767 53.2899
66.7421 45.7955
73.3233 30.6239
80.3651 19.2681
80.3715 19.2568
80.6275 18.7421
81.9806 16.0402
57.5994 64.801
80.7345 18.5308
77.2752 25.4697
80.7647 18.4696
78.4721 23.056
73.3233 30.6239
80.3651 19.2681
80.3715 19.2568
80.6275 18.7421
81.9806 16.0402
57.5994 64.801
80.7345 18.5308
77.2752 25.4697
80.7647 18.4696
78.4721 23.056
73.3233 30.6239
80.3651 19.2681
80.3715 19.2568
80.6275 18.7421
81.9806 16.0402
57.5994 64.801
80.7345 18.5308
77.2752 25.4697
80.7647 18.4696
78.4721 23.056
71.4173 30.4054
75.4385 26.803
76.6541 25.571
78.846 21.5684
82.866 15.1128
75.0564 29.544
70.9841 37.6972
80.6019 18.527
79.1223 20.9926
80.2945 17.0084
71.4173 30.4054
75.4385 26.803
76.6541 25.571
78.846 21.5684
82.866 15.1128
75.0564 29.544
70.9841 37.6972
80.6019 18.527
79.1223 20.9926
80.2945 17.0084
71.4173 30.4054
75.4385 26.803
76.6541 25.571
78.846 21.5684
82.866 15.1128
75.0564 29.544
70.9841 37.6972
80.6019 18.527
79.1223 20.9926
80.2945 17.0084
71.4173 30.4054
76.6022 26.4727
84.0469 16.0794
81.4378 16.5537
75.7849 26.3244
65.1928 50.4353
83.2365 15.1817
81.3836 16.6222
80.4451 17.488
69.8397 39.6002
71.4173 30.4054
75.4385 26.803
76.6541 25.571
78.846 21.5684
82.866 15.1128
75.0564 29.544
70.9841 37.6972
80.6019 18.527
79.1223 20.9926
80.2945 17.0084
71.4173 30.4054
75.4385 26.803
76.6541 25.571
78.846 21.5684
82.866 15.1128
75.0564 29.544
70.9841 37.6972
80.6019 18.527
79.1223 20.9926
80.2945 17.0084
71.4173 30.4054
75.4385 26.803
76.6541 25.571
78.846 21.5684
82.866 15.1128
75.0564 29.544
70.9841 37.6972
80.6019 18.527
79.1223 20.9926
80.2945 17.0084
72.6518 33.3508
77.9183 22.3256
39.1844 100.276
72.8923 35.354
81.6955 16.8205
79.5133 19.5204
76.7972 26.9746
72.5268 34.3891
81.7025 15.9293
77.7898 25.147
73.7875 15.4145
82.114 15.7403
81.128 18.2119
73.1277 33.9131
78.8612 22.7089
75.9419 28.9986
81.385 17.9346
59.8838 60.3003
82.307 15.8985
72.5527 35.7054
73.7875 15.4145
82.114 15.7403
81.128 18.2119
73.1277 33.9131
78.8612 22.7089
75.9419 28.9986
81.385 17.9346
59.8838 60.3003
82.307 15.8985
72.5527 35.7054
73.7875 15.4145
82.114 15.7403
81.128 18.2119
73.1277 33.9131
78.8612 22.7089
75.9419 28.9986
81.385 17.9346
59.8838 60.3003
82.307 15.8985
72.5527 35.7054
78.741 15.8646
77.251 22.9746
84.9689 17.2937
65.6122 26.3217
82.7264 15.8148
49.8411 77.7674
37.0728 101.174
78.2602 23.4751
73.7987 32.3202
79.974 21.6424
60.376 57.38
75.5375 26.2237
81.8975 16.0926
81.7978 15.3991
78.7045 21.0144
80.7744 16.4271
75.474 31.0599
82.013 15.6437
81.3388 17.5583
79.6169 16.0863
60.376 57.38
75.5375 26.2237
81.8975 16.0926
81.7978 15.3991
78.7045 21.0144
80.7744 16.4271
75.474 31.0599
82.013 15.6437
81.3388 17.5583
79.6169 16.0863
76.1017 22.2435
76.9091 26.4218
80.2157 19.9115
78.3955 23.509
82.4335 15.3342
77.1586 25.1293
80.1573 19.5897
78.0372 23.7292
80.0764 19.9731
81.2367 16.4908
